# x
1.000000000000000000e+00 5.955469012260437012e-01
-1.000000000000000000e+00 1.546875014901161194e-02
-1.000000000000000000e+00 8.817187547683715820e-01
-1.000000000000000000e+00 8.043749928474426270e-01
-1.000000000000000000e+00 2.861718833446502686e-01
1.000000000000000000e+00 2.784374952316284180e-01
1.000000000000000000e+00 7.657031416893005371e-01
1.000000000000000000e+00 9.745312333106994629e-01
-1.000000000000000000e+00 2.010937482118606567e-01
-1.000000000000000000e+00 2.165625095367431641e-01
1.000000000000000000e+00 5.646094083786010742e-01
1.000000000000000000e+00 1.546874940395355225e-01
-1.000000000000000000e+00 7.811718583106994629e-01
1.000000000000000000e+00 7.270312309265136719e-01
1.000000000000000000e+00 2.629687488079071045e-01
-1.000000000000000000e+00 6.960937380790710449e-02
-1.000000000000000000e+00 1.005468741059303284e-01
1.000000000000000000e+00 4.176562428474426270e-01
1.000000000000000000e+00 3.789843916893005371e-01
1.000000000000000000e+00 7.734374701976776123e-02
-1.000000000000000000e+00 2.939062416553497314e-01
1.000000000000000000e+00 8.353124856948852539e-01
-1.000000000000000000e+00 6.883593797683715820e-01
1.000000000000000000e+00 6.342187523841857910e-01
1.000000000000000000e+00 5.723437666893005371e-01
1.000000000000000000e+00 6.187499761581420898e-01
-1.000000000000000000e+00 5.878124833106994629e-01
-1.000000000000000000e+00 9.126562476158142090e-01
-1.000000000000000000e+00 2.320312559604644775e-01
1.000000000000000000e+00 5.182031393051147461e-01
-1.000000000000000000e+00 1.701562553644180298e-01
1.000000000000000000e+00 4.640625044703483582e-02
-1.000000000000000000e+00 3.867187500000000000e-01
1.000000000000000000e+00 6.960937380790710449e-01
-1.000000000000000000e+00 1.469531208276748657e-01
-1.000000000000000000e+00 4.408593773841857910e-01
1.000000000000000000e+00 9.281250089406967163e-02
1.000000000000000000e+00 8.971875309944152832e-01
-1.000000000000000000e+00 3.403125107288360596e-01
-1.000000000000000000e+00 4.640625119209289551e-01
-1.000000000000000000e+00 4.485937654972076416e-01
-1.000000000000000000e+00 8.121094107627868652e-01
1.000000000000000000e+00 9.358593821525573730e-01
-1.000000000000000000e+00 1.314843744039535522e-01
1.000000000000000000e+00 8.739843964576721191e-01
-1.000000000000000000e+00 5.568749904632568359e-01
1.000000000000000000e+00 3.867187350988388062e-02
1.000000000000000000e+00 1.392187476158142090e-01
1.000000000000000000e+00 3.093749880790710449e-01
1.000000000000000000e+00 9.049218893051147461e-01
-1.000000000000000000e+00 3.712500035762786865e-01
-1.000000000000000000e+00 8.662500381469726562e-01
1.000000000000000000e+00 6.032812595367431641e-01
-1.000000000000000000e+00 8.507812619209289551e-01
-1.000000000000000000e+00 1.856250017881393433e-01
-1.000000000000000000e+00 3.557812571525573730e-01
1.000000000000000000e+00 4.950000047683715820e-01
-1.000000000000000000e+00 9.667968750000000000e-01
-1.000000000000000000e+00 7.889062762260437012e-01
-1.000000000000000000e+00 9.590625166893005371e-01
1.000000000000000000e+00 6.264843940734863281e-01
-1.000000000000000000e+00 7.579687833786010742e-01
-1.000000000000000000e+00 7.192968726158142090e-01
1.000000000000000000e+00 6.187500059604644775e-02
1.000000000000000000e+00 4.021874964237213135e-01
-1.000000000000000000e+00 4.331250190734863281e-01
1.000000000000000000e+00 8.430469036102294922e-01
1.000000000000000000e+00 7.734375000000000000e-01
1.000000000000000000e+00 7.425000071525573730e-01
1.000000000000000000e+00 6.574218869209289551e-01
-1.000000000000000000e+00 7.115625143051147461e-01
1.000000000000000000e+00 7.502343654632568359e-01
1.000000000000000000e+00 1.933593750000000000e-01
-1.000000000000000000e+00 4.795312583446502686e-01
1.000000000000000000e+00 4.099218845367431641e-01
-1.000000000000000000e+00 1.082812547683715820e-01
1.000000000000000000e+00 9.435937404632568359e-01
1.000000000000000000e+00 3.093750029802322388e-02
1.000000000000000000e+00 4.717968702316284180e-01
1.000000000000000000e+00 5.259374976158142090e-01
1.000000000000000000e+00 1.624218821525573730e-01
-1.000000000000000000e+00 6.496875286102294922e-01
-1.000000000000000000e+00 3.171093761920928955e-01
-1.000000000000000000e+00 6.651562452316284180e-01
-1.000000000000000000e+00 3.248437643051147461e-01
1.000000000000000000e+00 8.198437690734863281e-01
-1.000000000000000000e+00 2.320312522351741791e-02
-1.000000000000000000e+00 5.414062738418579102e-01
-1.000000000000000000e+00 5.104687809944152832e-01
1.000000000000000000e+00 2.707031369209289551e-01
-1.000000000000000000e+00 2.552343904972076416e-01
-1.000000000000000000e+00 3.480468690395355225e-01
-1.000000000000000000e+00 5.027343630790710449e-01
-1.000000000000000000e+00 5.336718559265136719e-01
1.000000000000000000e+00 6.806250214576721191e-01
1.000000000000000000e+00 9.281250238418579102e-01
-1.000000000000000000e+00 7.734375074505805969e-03
1.000000000000000000e+00 2.475000023841857910e-01
-1.000000000000000000e+00 1.237500011920928955e-01
1.000000000000000000e+00 2.242968827486038208e-01
0.000000000000000000e+00 0.000000000000000000e+00
-5.000000000000000000e-01 0.000000000000000000e+00
5.000000000000000000e-01 0.000000000000000000e+00
-7.500000000000000000e-01 0.000000000000000000e+00
2.500000000000000000e-01 0.000000000000000000e+00
-2.500000000000000000e-01 0.000000000000000000e+00
7.500000000000000000e-01 0.000000000000000000e+00
-8.750000000000000000e-01 0.000000000000000000e+00
1.250000000000000000e-01 0.000000000000000000e+00
-3.750000000000000000e-01 0.000000000000000000e+00
6.250000000000000000e-01 0.000000000000000000e+00
-6.250000000000000000e-01 0.000000000000000000e+00
3.750000000000000000e-01 0.000000000000000000e+00
-1.250000000000000000e-01 0.000000000000000000e+00
8.750000000000000000e-01 0.000000000000000000e+00
-9.375000000000000000e-01 0.000000000000000000e+00
6.250000000000000000e-02 0.000000000000000000e+00
-4.375000000000000000e-01 0.000000000000000000e+00
5.625000000000000000e-01 0.000000000000000000e+00
-6.875000000000000000e-01 0.000000000000000000e+00
3.125000000000000000e-01 0.000000000000000000e+00
-1.875000000000000000e-01 0.000000000000000000e+00
8.125000000000000000e-01 0.000000000000000000e+00
-8.125000000000000000e-01 0.000000000000000000e+00
1.875000000000000000e-01 0.000000000000000000e+00
-3.125000000000000000e-01 0.000000000000000000e+00
6.875000000000000000e-01 0.000000000000000000e+00
-5.625000000000000000e-01 0.000000000000000000e+00
4.375000000000000000e-01 0.000000000000000000e+00
-6.250000000000000000e-02 0.000000000000000000e+00
9.375000000000000000e-01 0.000000000000000000e+00
-9.687500000000000000e-01 0.000000000000000000e+00
3.125000000000000000e-02 0.000000000000000000e+00
-4.687500000000000000e-01 0.000000000000000000e+00
5.312500000000000000e-01 0.000000000000000000e+00
-7.187500000000000000e-01 0.000000000000000000e+00
2.812500000000000000e-01 0.000000000000000000e+00
-2.187500000000000000e-01 0.000000000000000000e+00
7.812500000000000000e-01 0.000000000000000000e+00
-8.437500000000000000e-01 0.000000000000000000e+00
1.562500000000000000e-01 0.000000000000000000e+00
-3.437500000000000000e-01 0.000000000000000000e+00
6.562500000000000000e-01 0.000000000000000000e+00
-5.937500000000000000e-01 0.000000000000000000e+00
4.062500000000000000e-01 0.000000000000000000e+00
-9.375000000000000000e-02 0.000000000000000000e+00
9.062500000000000000e-01 0.000000000000000000e+00
-9.062500000000000000e-01 0.000000000000000000e+00
9.375000000000000000e-02 0.000000000000000000e+00
-4.062500000000000000e-01 0.000000000000000000e+00
5.937500000000000000e-01 0.000000000000000000e+00
-6.562500000000000000e-01 0.000000000000000000e+00
3.437500000000000000e-01 0.000000000000000000e+00
-1.562500000000000000e-01 0.000000000000000000e+00
8.437500000000000000e-01 0.000000000000000000e+00
-7.812500000000000000e-01 0.000000000000000000e+00
2.187500000000000000e-01 0.000000000000000000e+00
-2.812500000000000000e-01 0.000000000000000000e+00
7.187500000000000000e-01 0.000000000000000000e+00
-5.312500000000000000e-01 0.000000000000000000e+00
4.687500000000000000e-01 0.000000000000000000e+00
-3.125000000000000000e-02 0.000000000000000000e+00
9.687500000000000000e-01 0.000000000000000000e+00
-9.843750000000000000e-01 0.000000000000000000e+00
1.562500000000000000e-02 0.000000000000000000e+00
-4.843750000000000000e-01 0.000000000000000000e+00
5.156250000000000000e-01 0.000000000000000000e+00
-7.343750000000000000e-01 0.000000000000000000e+00
2.656250000000000000e-01 0.000000000000000000e+00
-2.343750000000000000e-01 0.000000000000000000e+00
7.656250000000000000e-01 0.000000000000000000e+00
-8.593750000000000000e-01 0.000000000000000000e+00
1.406250000000000000e-01 0.000000000000000000e+00
-3.593750000000000000e-01 0.000000000000000000e+00
6.406250000000000000e-01 0.000000000000000000e+00
-6.093750000000000000e-01 0.000000000000000000e+00
3.906250000000000000e-01 0.000000000000000000e+00
-1.093750000000000000e-01 0.000000000000000000e+00
8.906250000000000000e-01 0.000000000000000000e+00
-9.218750000000000000e-01 0.000000000000000000e+00
7.812500000000000000e-02 0.000000000000000000e+00
-4.218750000000000000e-01 0.000000000000000000e+00
5.781250000000000000e-01 0.000000000000000000e+00
-6.718750000000000000e-01 0.000000000000000000e+00
3.281250000000000000e-01 0.000000000000000000e+00
-1.718750000000000000e-01 0.000000000000000000e+00
8.281250000000000000e-01 0.000000000000000000e+00
-7.968750000000000000e-01 0.000000000000000000e+00
2.031250000000000000e-01 0.000000000000000000e+00
-2.968750000000000000e-01 0.000000000000000000e+00
7.031250000000000000e-01 0.000000000000000000e+00
-5.468750000000000000e-01 0.000000000000000000e+00
4.531250000000000000e-01 0.000000000000000000e+00
-4.687500000000000000e-02 0.000000000000000000e+00
9.531250000000000000e-01 0.000000000000000000e+00
-9.531250000000000000e-01 0.000000000000000000e+00
4.687500000000000000e-02 0.000000000000000000e+00
-4.531250000000000000e-01 0.000000000000000000e+00
5.468750000000000000e-01 0.000000000000000000e+00
-7.031250000000000000e-01 0.000000000000000000e+00
2.968750000000000000e-01 0.000000000000000000e+00
-2.031250000000000000e-01 0.000000000000000000e+00
7.968750000000000000e-01 0.000000000000000000e+00
-8.281250000000000000e-01 0.000000000000000000e+00
1.718750000000000000e-01 0.000000000000000000e+00
-3.281250000000000000e-01 0.000000000000000000e+00
6.718750000000000000e-01 0.000000000000000000e+00
-5.781250000000000000e-01 0.000000000000000000e+00
4.218750000000000000e-01 0.000000000000000000e+00
-7.812500000000000000e-02 0.000000000000000000e+00
9.218750000000000000e-01 0.000000000000000000e+00
-8.906250000000000000e-01 0.000000000000000000e+00
1.093750000000000000e-01 0.000000000000000000e+00
-3.906250000000000000e-01 0.000000000000000000e+00
6.093750000000000000e-01 0.000000000000000000e+00
-6.406250000000000000e-01 0.000000000000000000e+00
3.593750000000000000e-01 0.000000000000000000e+00
-1.406250000000000000e-01 0.000000000000000000e+00
8.593750000000000000e-01 0.000000000000000000e+00
-7.656250000000000000e-01 0.000000000000000000e+00
2.343750000000000000e-01 0.000000000000000000e+00
-2.656250000000000000e-01 0.000000000000000000e+00
7.343750000000000000e-01 0.000000000000000000e+00
-5.156250000000000000e-01 0.000000000000000000e+00
4.843750000000000000e-01 0.000000000000000000e+00
-1.562500000000000000e-02 0.000000000000000000e+00
9.843750000000000000e-01 0.000000000000000000e+00
-9.921875000000000000e-01 0.000000000000000000e+00
7.812500000000000000e-03 0.000000000000000000e+00
-4.921875000000000000e-01 0.000000000000000000e+00
5.078125000000000000e-01 0.000000000000000000e+00
-7.421875000000000000e-01 0.000000000000000000e+00
2.578125000000000000e-01 0.000000000000000000e+00
-2.421875000000000000e-01 0.000000000000000000e+00
7.578125000000000000e-01 0.000000000000000000e+00
-8.671875000000000000e-01 0.000000000000000000e+00
1.328125000000000000e-01 0.000000000000000000e+00
-3.671875000000000000e-01 0.000000000000000000e+00
6.328125000000000000e-01 0.000000000000000000e+00
-6.171875000000000000e-01 0.000000000000000000e+00
3.828125000000000000e-01 0.000000000000000000e+00
-1.171875000000000000e-01 0.000000000000000000e+00
8.828125000000000000e-01 0.000000000000000000e+00
-9.296875000000000000e-01 0.000000000000000000e+00
7.031250000000000000e-02 0.000000000000000000e+00
-4.296875000000000000e-01 0.000000000000000000e+00
5.703125000000000000e-01 0.000000000000000000e+00
-6.796875000000000000e-01 0.000000000000000000e+00
3.203125000000000000e-01 0.000000000000000000e+00
-1.796875000000000000e-01 0.000000000000000000e+00
8.203125000000000000e-01 0.000000000000000000e+00
-8.046875000000000000e-01 0.000000000000000000e+00
1.953125000000000000e-01 0.000000000000000000e+00
-3.046875000000000000e-01 0.000000000000000000e+00
6.953125000000000000e-01 0.000000000000000000e+00
-5.546875000000000000e-01 0.000000000000000000e+00
4.453125000000000000e-01 0.000000000000000000e+00
-5.468750000000000000e-02 0.000000000000000000e+00
9.453125000000000000e-01 0.000000000000000000e+00
-9.609375000000000000e-01 0.000000000000000000e+00
-2.199737429618835449e-01 3.007574975490570068e-01
0.000000000000000000e+00 0.000000000000000000e+00
-5.000000000000000000e-01 0.000000000000000000e+00
5.000000000000000000e-01 0.000000000000000000e+00
-7.500000000000000000e-01 0.000000000000000000e+00
2.500000000000000000e-01 0.000000000000000000e+00
-2.500000000000000000e-01 0.000000000000000000e+00
7.500000000000000000e-01 0.000000000000000000e+00
-8.750000000000000000e-01 0.000000000000000000e+00
1.250000000000000000e-01 0.000000000000000000e+00
-3.750000000000000000e-01 0.000000000000000000e+00
6.250000000000000000e-01 0.000000000000000000e+00
-6.250000000000000000e-01 0.000000000000000000e+00
3.750000000000000000e-01 0.000000000000000000e+00
-1.250000000000000000e-01 0.000000000000000000e+00
8.750000000000000000e-01 0.000000000000000000e+00
-9.375000000000000000e-01 0.000000000000000000e+00
6.250000000000000000e-02 0.000000000000000000e+00
-4.375000000000000000e-01 0.000000000000000000e+00
5.625000000000000000e-01 0.000000000000000000e+00
-6.875000000000000000e-01 0.000000000000000000e+00
3.125000000000000000e-01 0.000000000000000000e+00
-1.875000000000000000e-01 0.000000000000000000e+00
8.125000000000000000e-01 0.000000000000000000e+00
-8.125000000000000000e-01 0.000000000000000000e+00
1.875000000000000000e-01 0.000000000000000000e+00
-3.125000000000000000e-01 0.000000000000000000e+00
6.875000000000000000e-01 0.000000000000000000e+00
-5.625000000000000000e-01 0.000000000000000000e+00
4.375000000000000000e-01 0.000000000000000000e+00
-6.250000000000000000e-02 0.000000000000000000e+00
9.375000000000000000e-01 0.000000000000000000e+00
-9.687500000000000000e-01 0.000000000000000000e+00
3.125000000000000000e-02 0.000000000000000000e+00
-4.687500000000000000e-01 0.000000000000000000e+00
5.312500000000000000e-01 0.000000000000000000e+00
-7.187500000000000000e-01 0.000000000000000000e+00
2.812500000000000000e-01 0.000000000000000000e+00
-2.187500000000000000e-01 0.000000000000000000e+00
7.812500000000000000e-01 0.000000000000000000e+00
-8.437500000000000000e-01 0.000000000000000000e+00
1.562500000000000000e-01 0.000000000000000000e+00
-3.437500000000000000e-01 0.000000000000000000e+00
6.562500000000000000e-01 0.000000000000000000e+00
-5.937500000000000000e-01 0.000000000000000000e+00
4.062500000000000000e-01 0.000000000000000000e+00
-9.375000000000000000e-02 0.000000000000000000e+00
9.062500000000000000e-01 0.000000000000000000e+00
-9.062500000000000000e-01 0.000000000000000000e+00
9.375000000000000000e-02 0.000000000000000000e+00
-4.062500000000000000e-01 0.000000000000000000e+00
5.937500000000000000e-01 0.000000000000000000e+00
-6.562500000000000000e-01 0.000000000000000000e+00
3.437500000000000000e-01 0.000000000000000000e+00
-1.562500000000000000e-01 0.000000000000000000e+00
8.437500000000000000e-01 0.000000000000000000e+00
-7.812500000000000000e-01 0.000000000000000000e+00
2.187500000000000000e-01 0.000000000000000000e+00
-2.812500000000000000e-01 0.000000000000000000e+00
7.187500000000000000e-01 0.000000000000000000e+00
-5.312500000000000000e-01 0.000000000000000000e+00
4.687500000000000000e-01 0.000000000000000000e+00
-3.125000000000000000e-02 0.000000000000000000e+00
9.687500000000000000e-01 0.000000000000000000e+00
-9.843750000000000000e-01 0.000000000000000000e+00
1.562500000000000000e-02 0.000000000000000000e+00
-4.843750000000000000e-01 0.000000000000000000e+00
5.156250000000000000e-01 0.000000000000000000e+00
-7.343750000000000000e-01 0.000000000000000000e+00
2.656250000000000000e-01 0.000000000000000000e+00
-2.343750000000000000e-01 0.000000000000000000e+00
7.656250000000000000e-01 0.000000000000000000e+00
-8.593750000000000000e-01 0.000000000000000000e+00
1.406250000000000000e-01 0.000000000000000000e+00
-3.593750000000000000e-01 0.000000000000000000e+00
6.406250000000000000e-01 0.000000000000000000e+00
-6.093750000000000000e-01 0.000000000000000000e+00
3.906250000000000000e-01 0.000000000000000000e+00
-1.093750000000000000e-01 0.000000000000000000e+00
8.906250000000000000e-01 0.000000000000000000e+00
-9.218750000000000000e-01 0.000000000000000000e+00
7.812500000000000000e-02 0.000000000000000000e+00
-4.218750000000000000e-01 0.000000000000000000e+00
5.781250000000000000e-01 0.000000000000000000e+00
-6.718750000000000000e-01 0.000000000000000000e+00
3.281250000000000000e-01 0.000000000000000000e+00
-1.718750000000000000e-01 0.000000000000000000e+00
8.281250000000000000e-01 0.000000000000000000e+00
-7.968750000000000000e-01 0.000000000000000000e+00
2.031250000000000000e-01 0.000000000000000000e+00
-2.968750000000000000e-01 0.000000000000000000e+00
7.031250000000000000e-01 0.000000000000000000e+00
-5.468750000000000000e-01 0.000000000000000000e+00
4.531250000000000000e-01 0.000000000000000000e+00
-4.687500000000000000e-02 0.000000000000000000e+00
9.531250000000000000e-01 0.000000000000000000e+00
-9.531250000000000000e-01 0.000000000000000000e+00
4.687500000000000000e-02 0.000000000000000000e+00
-4.531250000000000000e-01 0.000000000000000000e+00
5.468750000000000000e-01 0.000000000000000000e+00
-7.031250000000000000e-01 0.000000000000000000e+00
2.968750000000000000e-01 0.000000000000000000e+00
-2.031250000000000000e-01 0.000000000000000000e+00
7.968750000000000000e-01 0.000000000000000000e+00
-8.281250000000000000e-01 0.000000000000000000e+00
1.718750000000000000e-01 0.000000000000000000e+00
-3.281250000000000000e-01 0.000000000000000000e+00
6.718750000000000000e-01 0.000000000000000000e+00
-5.781250000000000000e-01 0.000000000000000000e+00
4.218750000000000000e-01 0.000000000000000000e+00
-7.812500000000000000e-02 0.000000000000000000e+00
9.218750000000000000e-01 0.000000000000000000e+00
-8.906250000000000000e-01 0.000000000000000000e+00
1.093750000000000000e-01 0.000000000000000000e+00
-3.906250000000000000e-01 0.000000000000000000e+00
6.093750000000000000e-01 0.000000000000000000e+00
-6.406250000000000000e-01 0.000000000000000000e+00
3.593750000000000000e-01 0.000000000000000000e+00
-1.406250000000000000e-01 0.000000000000000000e+00
8.593750000000000000e-01 0.000000000000000000e+00
-7.656250000000000000e-01 0.000000000000000000e+00
2.343750000000000000e-01 0.000000000000000000e+00
-2.656250000000000000e-01 0.000000000000000000e+00
7.343750000000000000e-01 0.000000000000000000e+00
-5.156250000000000000e-01 0.000000000000000000e+00
4.843750000000000000e-01 0.000000000000000000e+00
-1.562500000000000000e-02 0.000000000000000000e+00
9.843750000000000000e-01 0.000000000000000000e+00
-9.921875000000000000e-01 0.000000000000000000e+00
7.812500000000000000e-03 0.000000000000000000e+00
-4.921875000000000000e-01 0.000000000000000000e+00
5.078125000000000000e-01 0.000000000000000000e+00
-7.421875000000000000e-01 0.000000000000000000e+00
2.578125000000000000e-01 0.000000000000000000e+00
-2.421875000000000000e-01 0.000000000000000000e+00
7.578125000000000000e-01 0.000000000000000000e+00
-8.671875000000000000e-01 0.000000000000000000e+00
1.328125000000000000e-01 0.000000000000000000e+00
-3.671875000000000000e-01 0.000000000000000000e+00
6.328125000000000000e-01 0.000000000000000000e+00
-6.171875000000000000e-01 0.000000000000000000e+00
3.828125000000000000e-01 0.000000000000000000e+00
-1.171875000000000000e-01 0.000000000000000000e+00
8.828125000000000000e-01 0.000000000000000000e+00
-9.296875000000000000e-01 0.000000000000000000e+00
7.031250000000000000e-02 0.000000000000000000e+00
-4.296875000000000000e-01 0.000000000000000000e+00
5.703125000000000000e-01 0.000000000000000000e+00
-6.796875000000000000e-01 0.000000000000000000e+00
3.203125000000000000e-01 0.000000000000000000e+00
-1.796875000000000000e-01 0.000000000000000000e+00
8.203125000000000000e-01 0.000000000000000000e+00
-8.046875000000000000e-01 0.000000000000000000e+00
1.953125000000000000e-01 0.000000000000000000e+00
-3.046875000000000000e-01 0.000000000000000000e+00
6.953125000000000000e-01 0.000000000000000000e+00
-5.546875000000000000e-01 0.000000000000000000e+00
4.453125000000000000e-01 0.000000000000000000e+00
-5.468750000000000000e-02 0.000000000000000000e+00
9.453125000000000000e-01 0.000000000000000000e+00
-9.609375000000000000e-01 0.000000000000000000e+00
1.000000000000000000e+00 5.955469012260437012e-01
-1.000000000000000000e+00 1.546875014901161194e-02
-1.000000000000000000e+00 8.817187547683715820e-01
-1.000000000000000000e+00 8.043749928474426270e-01
-1.000000000000000000e+00 2.861718833446502686e-01
1.000000000000000000e+00 2.784374952316284180e-01
1.000000000000000000e+00 7.657031416893005371e-01
1.000000000000000000e+00 9.745312333106994629e-01
-1.000000000000000000e+00 2.010937482118606567e-01
-1.000000000000000000e+00 2.165625095367431641e-01
1.000000000000000000e+00 5.646094083786010742e-01
1.000000000000000000e+00 1.546874940395355225e-01
-1.000000000000000000e+00 7.811718583106994629e-01
1.000000000000000000e+00 7.270312309265136719e-01
1.000000000000000000e+00 2.629687488079071045e-01
-1.000000000000000000e+00 6.960937380790710449e-02
-1.000000000000000000e+00 1.005468741059303284e-01
1.000000000000000000e+00 4.176562428474426270e-01
1.000000000000000000e+00 3.789843916893005371e-01
1.000000000000000000e+00 7.734374701976776123e-02
-1.000000000000000000e+00 2.939062416553497314e-01
1.000000000000000000e+00 8.353124856948852539e-01
-1.000000000000000000e+00 6.883593797683715820e-01
1.000000000000000000e+00 6.342187523841857910e-01
1.000000000000000000e+00 5.723437666893005371e-01
1.000000000000000000e+00 6.187499761581420898e-01
-1.000000000000000000e+00 5.878124833106994629e-01
-1.000000000000000000e+00 9.126562476158142090e-01
-1.000000000000000000e+00 2.320312559604644775e-01
1.000000000000000000e+00 5.182031393051147461e-01
-1.000000000000000000e+00 1.701562553644180298e-01
1.000000000000000000e+00 4.640625044703483582e-02
-1.000000000000000000e+00 3.867187500000000000e-01
1.000000000000000000e+00 6.960937380790710449e-01
-1.000000000000000000e+00 1.469531208276748657e-01
-1.000000000000000000e+00 4.408593773841857910e-01
1.000000000000000000e+00 9.281250089406967163e-02
1.000000000000000000e+00 8.971875309944152832e-01
-1.000000000000000000e+00 3.403125107288360596e-01
-1.000000000000000000e+00 4.640625119209289551e-01
-1.000000000000000000e+00 4.485937654972076416e-01
-1.000000000000000000e+00 8.121094107627868652e-01
1.000000000000000000e+00 9.358593821525573730e-01
-1.000000000000000000e+00 1.314843744039535522e-01
1.000000000000000000e+00 8.739843964576721191e-01
-1.000000000000000000e+00 5.568749904632568359e-01
1.000000000000000000e+00 3.867187350988388062e-02
1.000000000000000000e+00 1.392187476158142090e-01
1.000000000000000000e+00 3.093749880790710449e-01
1.000000000000000000e+00 9.049218893051147461e-01
-1.000000000000000000e+00 3.712500035762786865e-01
-1.000000000000000000e+00 8.662500381469726562e-01
1.000000000000000000e+00 6.032812595367431641e-01
-1.000000000000000000e+00 8.507812619209289551e-01
-1.000000000000000000e+00 1.856250017881393433e-01
-1.000000000000000000e+00 3.557812571525573730e-01
1.000000000000000000e+00 4.950000047683715820e-01
-1.000000000000000000e+00 9.667968750000000000e-01
-1.000000000000000000e+00 7.889062762260437012e-01
-1.000000000000000000e+00 9.590625166893005371e-01
1.000000000000000000e+00 6.264843940734863281e-01
-1.000000000000000000e+00 7.579687833786010742e-01
-1.000000000000000000e+00 7.192968726158142090e-01
1.000000000000000000e+00 6.187500059604644775e-02
1.000000000000000000e+00 4.021874964237213135e-01
-1.000000000000000000e+00 4.331250190734863281e-01
1.000000000000000000e+00 8.430469036102294922e-01
1.000000000000000000e+00 7.734375000000000000e-01
1.000000000000000000e+00 7.425000071525573730e-01
1.000000000000000000e+00 6.574218869209289551e-01
-1.000000000000000000e+00 7.115625143051147461e-01
1.000000000000000000e+00 7.502343654632568359e-01
1.000000000000000000e+00 1.933593750000000000e-01
-1.000000000000000000e+00 4.795312583446502686e-01
1.000000000000000000e+00 4.099218845367431641e-01
-1.000000000000000000e+00 1.082812547683715820e-01
1.000000000000000000e+00 9.435937404632568359e-01
1.000000000000000000e+00 3.093750029802322388e-02
1.000000000000000000e+00 4.717968702316284180e-01
1.000000000000000000e+00 5.259374976158142090e-01
1.000000000000000000e+00 1.624218821525573730e-01
-1.000000000000000000e+00 6.496875286102294922e-01
-1.000000000000000000e+00 3.171093761920928955e-01
-1.000000000000000000e+00 6.651562452316284180e-01
-1.000000000000000000e+00 3.248437643051147461e-01
1.000000000000000000e+00 8.198437690734863281e-01
-1.000000000000000000e+00 2.320312522351741791e-02
-1.000000000000000000e+00 5.414062738418579102e-01
-1.000000000000000000e+00 5.104687809944152832e-01
1.000000000000000000e+00 2.707031369209289551e-01
-1.000000000000000000e+00 2.552343904972076416e-01
-1.000000000000000000e+00 3.480468690395355225e-01
-1.000000000000000000e+00 5.027343630790710449e-01
-1.000000000000000000e+00 5.336718559265136719e-01
1.000000000000000000e+00 6.806250214576721191e-01
1.000000000000000000e+00 9.281250238418579102e-01
-1.000000000000000000e+00 7.734375074505805969e-03
1.000000000000000000e+00 2.475000023841857910e-01
-1.000000000000000000e+00 1.237500011920928955e-01
1.000000000000000000e+00 2.242968827486038208e-01
0.000000000000000000e+00 9.000000357627868652e-02
-5.000000000000000000e-01 1.800000071525573730e-01
5.000000000000000000e-01 2.700000107288360596e-01
-7.500000000000000000e-01 3.600000143051147461e-01
2.500000000000000000e-01 4.500000178813934326e-01
-2.500000000000000000e-01 5.400000214576721191e-01
7.500000000000000000e-01 6.299999952316284180e-01
-8.750000000000000000e-01 7.200000286102294922e-01
1.250000000000000000e-01 8.100000023841857910e-01
-3.750000000000000000e-01 9.000000357627868652e-01
